20180101	0
20180102	8
20180103	42
20180104	50
20180105	53
20180106	21
20180107	29
20180108	69
20180109	80
20180110	70
20180111	56
20180112	48
20180113	21
20180114	35
20180115	61
20180116	42
20180117	55
20180118	46
20180119	56
20180120	41
20180121	37
20180122	66
20180123	55
20180124	50
20180125	52
20180126	46
20180127	28
20180128	37
20180129	49
20180130	50
20180131	51
20180201	55
20180202	53
20180203	35
20180204	27
20180205	62
20180206	158
20180207	69
20180208	58
20180209	67
20180210	49
20180211	48
20180212	50
20180213	28
20180214	23
20180215	22
20180216	26
20180217	19
20180218	15
20180219	27
20180220	22
20180221	43
20180222	45
20180223	59
20180224	25
20180225	42
20180226	52
20180227	44
20180228	43
20180301	28
20180302	43
20180303	30
20180304	30
20180305	54
20180306	42
20180307	65
20180308	68
20180309	74
20180310	32
20180311	42
20180312	58
20180313	77
20180314	61
20180315	55
20180316	63
20180317	36
20180318	26
20180319	59
20180320	59
20180321	68
20180322	72
20180323	86
20180324	51
20180325	34
20180326	75
20180327	64
20180328	62
20180329	78
20180330	72
20180331	76
20180401	41
20180402	63
20180403	69
20180404	55
20180405	30
20180406	34
20180407	29
20180408	40
20180409	71
20180410	91
20180411	65
20180412	41
20180413	65
20180414	33
20180415	36
20180416	55
20180417	47
20180418	68
20180419	61
20180420	69
20180421	59
20180422	41
20180423	57
20180424	70
20180425	72
20180426	95
20180427	68
20180428	43
20180429	38
20180430	64
20180501	48
20180502	58
20180503	67
20180504	67
20180505	42
20180506	45
20180507	53
20180508	89
20180509	88
20180510	82
20180511	89
20180512	41
20180513	29
20180514	63
20180515	59
20180516	68
20180517	62
20180518	70
20180519	39
20180520	29
20180521	55
20180522	68
20180523	75
20180524	63
20180525	49
20180526	41
20180527	36
20180528	61
20180529	57
20180530	66
20180531	48
20180601	45
20180602	40
20180603	50
20180604	67
20180605	68
20180606	82
20180607	89
20180608	76
20180609	62
20180610	48
20180611	59
20180612	72
20180613	78
20180614	80
20180615	59
20180616	50
20180617	41
20180618	30
20180619	84
20180620	66
20180621	72
20180622	80
20180623	38
20180624	42
20180625	72
20180626	65
20180627	72
20180628	56
20180629	64
20180630	40
20180701	32
20180702	57
20180703	71
20180704	70
20180705	73
20180706	83
20180707	19
20180708	31
20180709	58
20180710	60
20180711	56
20180712	46
20180713	33
20180714	15
20180715	21
20180716	63
20180717	67
20180718	42
20180719	60
20180720	57
20180721	52
20180722	41
20180723	77
20180724	71
20180725	62
20180726	66
20180727	71
20180728	48
20180729	33
20180730	60
20180731	71
20180801	66
20180802	71
20180803	80
20180804	32
20180805	34
20180806	67
20180807	90
20180808	70
20180809	90
20180810	96
20180811	48
20180812	43
20180813	78
20180814	100
20180815	85
20180816	82
20180817	72
20180818	40
20180819	30
20180820	64
20180821	62
20180822	68
20180823	69
20180824	54
20180825	40
20180826	45
20180827	48
20180828	49
20180829	58
20180830	57
20180831	56
20180901	35
20180902	29
20180903	87
20180904	55
20180905	65
20180906	94
20180907	94
20180908	46
20180909	64
20180910	101
20180911	74
20180912	86
20180913	67
20180914	69
20180915	40
20180916	30
20180917	80
20180918	77
20180919	75
20180920	76
20180921	63
20180922	36
20180923	46
20180924	37
20180925	61
20180926	66
20180927	70
20180928	69
20180929	47
20180930	55
20181001	70
20181002	61
20181003	69
20181004	75
20181005	107
20181006	43
20181007	55
20181008	80
20181009	69
20181010	53
20181011	173
20181012	99
20181013	54
20181014	46
20181015	62
20181016	71
20181017	88
20181018	69
20181019	70
20181020	52
20181021	41
20181022	52
20181023	77
20181024	88
20181025	130
20181026	106
20181027	57
20181028	44
20181029	80
20181030	98
20181031	71
20181101	62
20181102	94
20181103	53
20181104	53
20181105	83
20181106	78
20181107	81
20181108	104
20181109	87
20181110	46
20181111	30
20181112	53
20181113	75
20181114	82
20181115	74
20181116	74
20181117	45
20181118	28
20181119	64
20181120	78
20181121	79
20181122	46
20181123	44
20181124	27
20181125	33
20181126	69
20181127	57
20181128	63
20181129	90
20181130	54
20181201	42
20181202	81
20181203	93
20181204	81
20181205	92
20181206	103
20181207	79
20181208	59
20181209	46
20181210	83
20181211	53
20181212	60
20181213	82
20181214	71
20181215	37
20181216	59
20181217	64
20181218	75
20181219	84
20181220	82
20181221	77
20181222	79
20181223	50
20181224	63
20181225	79
20181226	77
20181227	60
20181228	66
20181229	37
20181230	29
20181231	26
20190101	31
20190102	62
20190103	63
20190104	65
20190105	40
20190106	39
20190107	86
20190108	70
20190109	74
20190110	80
20190111	52
20190112	25
20190113	40
20190114	76
20190115	63
20190116	62
20190117	69
20190118	51
20190119	45
20190120	27
20190121	56
20190122	56
20190123	51
20190124	65
20190125	55
20190126	24
20190127	25
20190128	52
20190129	70
20190130	64
20190131	49
20190201	50
20190202	42
20190203	25
20190204	16
20190205	21
20190206	16
20190207	24
20190208	31
20190209	21
20190210	27
20190211	49
20190212	72
20190213	60
20190214	72
20190215	64
20190216	34
20190217	35
20190218	57
20190219	48
20190220	66
20190221	58
20190222	70
20190223	31
20190224	25
20190225	83
20190226	79
20190227	61
20190228	40
20190301	33
20190302	25
20190303	28
20190304	49
20190305	71
20190306	62
20190307	76
20190308	69
20190309	37
20190310	42
20190311	58
20190312	60
20190313	65
20190314	78
20190315	63
20190316	35
20190317	40
20190318	56
20190319	55
20190320	78
20190321	88
20190322	86
20190323	35
20190324	58
20190325	65
20190326	61
20190327	60
20190328	56
20190329	60
20190330	44
20190331	25
20190401	56
20190402	65
20190403	65
20190404	49
20190405	33
20190406	27
20190407	41
20190408	71
20190409	64
20190410	54
20190411	68
20190412	73
20190413	31
20190414	28
20190415	69
20190416	54
20190417	76
20190418	72
20190419	50
20190420	49
20190421	41
20190422	56
20190423	67
20190424	57
20190425	59
20190426	70
20190427	38
20190428	26
20190429	62
20190430	66
20190501	50
20190502	27
20190503	0
20190504	0
20190505	0
20190506	0
20190507	12
20190508	91
20190509	10
20190510	138
20190511	186
20190512	146
20190513	218
20190514	210
20190515	112
20190516	158
20190517	192
20190518	132
20190519	120
20190520	176
20190521	130
20190522	166
20190523	216
20190524	170
20190525	104
20190526	90
20190527	166
20190528	128
20190529	173
20190530	146
20190531	128
20190601	112
20190602	102
20190603	128
20190604	134
20190605	158
20190606	158
20190607	88
20190608	72
20190609	76
20190610	110
20190611	126
20190612	116
20190613	130
20190614	126
20190615	78
20190616	67
20190617	110
20190618	118
20190619	114
20190620	172
20190621	104
20190622	26
20190623	44
20190624	62
20190625	74
20190626	110
20190627	74
20190628	114
20190629	82
20190630	56
20190701	106
20190702	94
20190703	0
20190704	0
20190705	0
20190706	0
20190707	0
20190708	0
20190709	0
20190710	0
20190711	0
20190712	0
20190713	0
20190714	0
20190715	0
20190716	0
20190717	0
20190718	0
20190719	0
20190720	0
20190721	0
20190722	0
20190723	0
20190724	0
20190725	0
20190726	0
20190727	0
20190728	0
20190729	0
20190730	0
20190731	0